<?xml version="1.0"?>
<opencv_storage>
<classifications type_id="opencv-matrix">
  <rows>278</rows>
  <cols>1</cols>
  <dt>i</dt>
  <data>
    61 45 99 122 106 115 97 111 105 101 109 110 118 120 103 112 117 121
    114 119 113 61 116 43 102 48 57 56 55 54 53 51 50 98 108 107 104 100
    52 49 61 45 61 109 118 99 120 122 115 111 117 121 101 110 106 97 112
    105 114 119 103 113 43 116 48 57 56 55 53 52 51 50 54 49 100 107 98
    108 104 102 45 61 109 110 118 99 120 106 115 97 112 111 105 117 121
    114 119 113 61 122 103 101 43 48 116 57 56 55 53 52 51 50 49 54 98
    108 107 104 100 102 61 45 61 99 122 103 115 97 111 101 113 109 110
    118 120 112 117 121 114 119 43 116 105 57 56 52 51 49 98 108 107 106
    104 102 100 48 55 54 53 50 61 61 109 110 118 99 120 122 106 103 115
    97 112 111 105 117 121 114 101 119 113 43 116 52 49 98 107 104 102
    100 48 57 56 55 54 53 51 50 61 45 61 99 106 115 97 111 105 101 109
    110 118 120 122 103 112 117 121 114 119 113 43 48 57 56 51 50 55 54
    53 52 49 116 98 108 107 104 102 100 61 45 61 99 115 97 111 101 109
    110 118 120 122 106 103 112 105 117 121 114 119 113 43 116 48 57 56
    55 54 53 51 50 98 108 107 104 102 100 52 49</data></classifications>
</opencv_storage>
