<?xml version="1.0"?>
<opencv_storage>
<classifications type_id="opencv-matrix">
  <rows>40</rows>
  <cols>1</cols>
  <dt>i</dt>
  <data>
    61 45 61 99 97 115 109 110 118 120 122 43 98 48 103 106 112 105 117
    121 116 100 102 104 107 108 101 114 119 113 48 57 56 55 54 53 51 50
    52 49</data></classifications>
</opencv_storage>
