<?xml version="1.0"?>
<opencv_storage>
<images type_id="opencv-matrix">
  <rows>40</rows>
  <cols>150</cols>
  <dt>f</dt>
  <data>
    255. 255. 255. 255. 255. 255. 255. 255. 255. 127. 255. 255. 255.
    255. 255. 255. 255. 255. 255. 127. 255. 255. 255. 255. 255. 255.
    255. 255. 255. 149. 255. 255. 255. 255. 255. 255. 255. 255. 255.
    183. 255. 255. 255. 255. 255. 255. 255. 255. 255. 217. 255. 255.
    255. 255. 255. 255. 255. 255. 255. 251. 255. 255. 255. 255. 255.
    255. 255. 255. 255. 255. 255. 255. 255. 255. 255. 255. 255. 255.
    255. 255. 255. 255. 255. 255. 255. 255. 255. 255. 255. 255. 255.
    255. 255. 255. 255. 255. 255. 255. 255. 251. 255. 255. 255. 255.
    255. 255. 255. 255. 255. 217. 255. 255. 255. 255. 255. 255. 255.
    255. 255. 183. 255. 255. 255. 255. 255. 255. 255. 255. 255. 149.
    255. 255. 255. 255. 255. 255. 255. 255. 255. 127. 255. 255. 255.
    255. 255. 255. 255. 255. 255. 127. 0. 115. 255. 0. 0. 0. 0. 255.
    115. 0. 0. 115. 255. 0. 0. 0. 0. 255. 115. 0. 13. 162. 255. 85. 85.
    85. 85. 255. 162. 85. 25. 208. 255. 170. 170. 170. 170. 255. 208.
    170. 38. 255. 255. 255. 255. 255. 255. 255. 255. 255. 110. 255. 255.
    255. 255. 255. 255. 255. 255. 255. 182. 255. 255. 255. 255. 255.
    255. 255. 255. 255. 255. 255. 255. 255. 255. 255. 255. 255. 255.
    255. 182. 255. 255. 255. 255. 255. 255. 255. 255. 255. 110. 255.
    255. 255. 255. 255. 255. 255. 255. 255. 38. 255. 255. 255. 255. 255.
    255. 255. 255. 255. 25. 208. 255. 170. 170. 170. 170. 255. 208. 170.
    13. 162. 255. 85. 85. 85. 85. 255. 162. 85. 0. 115. 255. 0. 0. 0. 0.
    255. 115. 0. 0. 115. 255. 0. 0. 0. 0. 255. 115. 0. 255. 255. 255.
    255. 255. 255. 255. 255. 255. 127. 255. 255. 255. 255. 255. 255.
    255. 255. 255. 127. 255. 255. 255. 255. 255. 255. 255. 255. 255.
    149. 255. 255. 255. 255. 255. 255. 255. 255. 255. 183. 255. 255.
    255. 255. 255. 255. 255. 255. 255. 217. 255. 255. 255. 255. 255.
    255. 255. 255. 255. 251. 255. 255. 255. 255. 255. 255. 255. 255.
    255. 255. 255. 255. 255. 255. 255. 255. 255. 255. 255. 255. 255.
    255. 255. 255. 255. 255. 255. 255. 255. 255. 255. 255. 255. 255.
    255. 255. 255. 255. 255. 251. 255. 255. 255. 255. 255. 255. 255.
    255. 255. 217. 255. 255. 255. 255. 255. 255. 255. 255. 255. 183.
    255. 255. 255. 255. 255. 255. 255. 255. 255. 149. 255. 255. 255.
    255. 255. 255. 255. 255. 255. 127. 255. 255. 255. 255. 255. 255.
    255. 255. 255. 127. 0. 0. 51. 214. 255. 255. 255. 51. 10. 0. 0. 31.
    255. 255. 255. 255. 255. 255. 173. 0. 0. 255. 255. 255. 102. 0. 255.
    255. 255. 102. 41. 255. 255. 31. 0. 0. 31. 255. 255. 163. 102. 255.
    255. 0. 0. 0. 0. 255. 255. 255. 102. 255. 204. 0. 0. 0. 0. 0. 204.
    82. 194. 255. 0. 0. 0. 0. 0. 0. 0. 0. 255. 255. 0. 0. 0. 0. 0. 0. 0.
    0. 194. 255. 0. 0. 0. 0. 0. 0. 82. 41. 102. 255. 204. 0. 0. 0. 0. 0.
    245. 224. 102. 255. 255. 0. 0. 0. 0. 255. 255. 255. 41. 255. 255.
    31. 0. 0. 0. 255. 255. 163. 0. 255. 255. 255. 102. 0. 255. 255. 255.
    102. 0. 31. 255. 255. 255. 255. 255. 255. 173. 0. 0. 0. 51. 214.
    255. 255. 255. 51. 10. 0. 0. 30. 157. 255. 255. 255. 255. 157. 30.
    0. 0. 217. 255. 255. 255. 255. 255. 255. 217. 0. 127. 255. 255. 106.
    0. 0. 106. 234. 255. 21. 127. 255. 174. 0. 0. 0. 0. 127. 255. 127.
    0. 0. 0. 0. 0. 0. 0. 140. 255. 115. 0. 0. 0. 145. 145. 145. 145.
    255. 255. 0. 0. 8. 255. 255. 255. 255. 251. 251. 255. 0. 64. 255.
    255. 255. 191. 128. 64. 128. 255. 0. 127. 255. 255. 8. 4. 0. 0. 127.
    255. 123. 255. 255. 72. 0. 0. 0. 0. 127. 255. 0. 255. 255. 0. 0. 0.
    0. 0. 242. 255. 0. 127. 255. 174. 0. 0. 47. 174. 255. 255. 127. 127.
    255. 255. 213. 213. 234. 255. 255. 255. 127. 0. 179. 255. 255. 255.
    255. 89. 89. 255. 255. 0. 0. 60. 60. 60. 60. 0. 0. 157. 157. 0. 51.
    204. 255. 255. 255. 255. 51. 3. 0. 54. 255. 255. 255. 255. 255. 255.
    255. 158. 0. 89. 255. 255. 0. 0. 0. 255. 255. 255. 89. 255. 255. 64.
    0. 0. 0. 84. 255. 255. 89. 255. 255. 64. 0. 0. 0. 0. 51. 51. 18.
    222. 255. 255. 163. 51. 8. 0. 0. 0. 0. 36. 255. 255. 255. 255. 168.
    153. 115. 0. 0. 0. 13. 255. 255. 255. 255. 255. 255. 255. 0. 0. 0.
    0. 69. 153. 153. 255. 255. 255. 155. 71. 0. 0. 0. 0. 0. 51. 255.
    255. 255. 255. 255. 64. 0. 0. 0. 0. 64. 255. 255. 255. 255. 178. 0.
    0. 0. 0. 64. 255. 255. 89. 255. 255. 140. 0. 0. 140. 255. 255. 89.
    54. 158. 255. 255. 255. 255. 255. 255. 255. 54. 0. 3. 204. 255. 255.
    255. 255. 204. 51. 0. 255. 0. 68. 68. 68. 0. 68. 68. 68. 0. 255. 0.
    255. 255. 255. 0. 255. 255. 255. 0. 255. 255. 255. 170. 255. 85.
    255. 170. 255. 255. 255. 255. 34. 0. 255. 255. 34. 0. 255. 255. 255.
    255. 0. 0. 255. 255. 0. 0. 0. 255. 255. 255. 0. 0. 255. 255. 0. 0.
    0. 255. 255. 0. 0. 0. 255. 255. 0. 0. 0. 255. 255. 255. 0. 0. 255.
    255. 0. 0. 0. 255. 255. 255. 0. 0. 255. 255. 0. 0. 0. 255. 255. 255.
    0. 0. 255. 255. 0. 0. 0. 255. 255. 255. 0. 0. 255. 255. 0. 0. 0.
    255. 255. 255. 0. 0. 255. 255. 0. 0. 0. 255. 255. 255. 0. 0. 255.
    255. 0. 0. 170. 255. 255. 255. 0. 0. 255. 255. 0. 0. 255. 255. 255.
    68. 0. 0. 68. 68. 0. 0. 68. 255. 133. 68. 17. 31. 68. 68. 68. 68. 3.
    0. 255. 255. 217. 227. 255. 255. 255. 255. 206. 0. 255. 255. 255.
    255. 170. 170. 217. 255. 255. 89. 255. 255. 255. 155. 0. 0. 19. 255.
    255. 89. 255. 255. 255. 0. 0. 0. 0. 64. 255. 255. 255. 255. 76. 0.
    0. 0. 0. 64. 255. 255. 255. 255. 64. 0. 0. 0. 0. 64. 255. 255. 255.
    255. 64. 0. 0. 0. 0. 64. 255. 255. 255. 255. 64. 0. 0. 0. 0. 64.
    255. 255. 255. 255. 64. 0. 0. 0. 0. 64. 255. 255. 255. 255. 64. 0.
    0. 0. 0. 64. 255. 255. 255. 255. 64. 0. 0. 0. 0. 64. 255. 255. 255.
    255. 64. 0. 0. 0. 0. 64. 255. 255. 255. 255. 217. 0. 0. 0. 0. 64.
    255. 255. 133. 255. 64. 0. 0. 0. 0. 64. 255. 133. 152. 255. 51. 0.
    0. 0. 0. 0. 189. 152. 255. 255. 191. 0. 0. 0. 0. 153. 255. 255. 115.
    255. 212. 0. 0. 0. 0. 191. 255. 208. 15. 255. 255. 0. 0. 0. 0. 246.
    255. 115. 0. 255. 255. 0. 0. 0. 0. 255. 255. 0. 0. 100. 255. 202. 0.
    0. 202. 255. 100. 0. 0. 89. 255. 217. 0. 0. 217. 255. 89. 0. 0. 0.
    255. 255. 0. 0. 255. 255. 0. 0. 0. 0. 153. 255. 0. 0. 255. 153. 0.
    0. 0. 0. 64. 255. 16. 16. 255. 64. 0. 0. 0. 0. 25. 255. 250. 250.
    255. 25. 0. 0. 0. 0. 0. 255. 255. 255. 255. 0. 0. 0. 0. 0. 0. 110.
    255. 255. 110. 0. 0. 0. 0. 0. 0. 38. 255. 255. 38. 0. 0. 0. 0. 0. 0.
    10. 77. 77. 10. 0. 0. 0. 143. 255. 68. 14. 0. 0. 0. 68. 255. 143.
    133. 255. 255. 51. 0. 0. 41. 255. 255. 255. 68. 255. 255. 255. 0. 0.
    119. 255. 255. 68. 0. 78. 255. 255. 0. 0. 255. 255. 78. 0. 0. 0.
    255. 255. 163. 163. 255. 255. 0. 0. 0. 0. 17. 255. 255. 255. 255.
    17. 0. 0. 0. 0. 0. 109. 255. 255. 109. 0. 0. 0. 0. 0. 0. 0. 255.
    255. 0. 0. 0. 0. 0. 0. 0. 231. 255. 255. 231. 0. 0. 0. 0. 0. 17.
    255. 245. 245. 255. 17. 0. 0. 0. 31. 255. 255. 41. 41. 255. 255. 31.
    0. 0. 78. 255. 255. 0. 0. 255. 255. 78. 0. 68. 255. 255. 119. 0. 0.
    119. 255. 255. 68. 255. 255. 255. 41. 0. 0. 41. 255. 255. 255. 143.
    255. 68. 0. 0. 0. 0. 68. 255. 143. 34. 255. 68. 68. 68. 68. 68. 68.
    68. 34. 127. 255. 255. 255. 255. 255. 255. 255. 255. 127. 85. 255.
    170. 170. 170. 170. 212. 255. 255. 85. 0. 34. 0. 0. 0. 0. 127. 255.
    144. 0. 0. 0. 0. 0. 0. 51. 255. 204. 0. 0. 0. 0. 0. 0. 0. 246. 255.
    127. 0. 0. 0. 0. 0. 0. 187. 255. 195. 0. 0. 0. 0. 0. 0. 128. 255.
    255. 0. 0. 0. 0. 0. 0. 68. 255. 255. 60. 0. 0. 0. 0. 0. 0. 255. 255.
    119. 0. 0. 0. 0. 0. 0. 77. 255. 178. 0. 0. 0. 0. 0. 0. 17. 255. 255.
    0. 0. 0. 0. 0. 17. 0. 212. 255. 255. 170. 170. 170. 170. 170. 212.
    170. 255. 255. 255. 255. 255. 255. 255. 255. 255. 255. 68. 68. 68.
    68. 68. 68. 68. 68. 161. 68. 0. 0. 0. 0. 245. 245. 0. 0. 0. 0. 0. 0.
    0. 0. 255. 255. 0. 0. 0. 0. 0. 0. 0. 0. 255. 255. 0. 0. 0. 0. 0. 0.
    0. 0. 242. 250. 0. 0. 0. 0. 0. 0. 0. 0. 242. 242. 0. 0. 0. 0. 0. 18.
    0. 0. 242. 242. 0. 0. 18. 28. 84. 189. 153. 153. 250. 250. 153. 153.
